Line10
10.000
1
2688
1
0
15.000 10.000 9.959
25.000 10.000 11.397
35.000 10.000 11.917
45.000 10.000 12.220
55.000 10.000 11.292
65.000 10.000 11.095
75.000 10.000 10.557
85.000 10.000 8.711
95.000 10.000 7.486
105.000 10.000 6.528
115.000 10.000 6.028
125.000 10.000 5.795
135.000 10.000 6.186
145.000 10.000 5.464
155.000 10.000 5.287
165.000 10.000 5.044
175.000 10.000 4.647
185.000 10.000 4.365
195.000 10.000 3.870
205.000 10.000 3.793
215.000 10.000 3.640
225.000 10.000 3.555
235.000 10.000 3.350
245.000 10.000 3.394
255.000 10.000 3.458
265.000 10.000 2.828
275.000 10.000 3.163
285.000 10.000 3.069
295.000 10.000 2.797
305.000 10.000 2.677
315.000 10.000 3.052
325.000 10.000 2.913
335.000 10.000 2.831
345.000 10.000 2.606
355.000 10.000 2.897
365.000 10.000 2.586
375.000 10.000 2.482
385.000 10.000 2.795
395.000 10.000 1.566
405.000 10.000 2.434
415.000 10.000 2.416
425.000 10.000 2.489
435.000 10.000 2.861
445.000 10.000 2.353
455.000 10.000 2.499
465.000 10.000 2.169
475.000 10.000 2.682
485.000 10.000 2.179
495.000 10.000 1.632
505.000 10.000 1.925
515.000 10.000 2.114
525.000 10.000 1.943
535.000 10.000 2.018
545.000 10.000 1.894
555.000 10.000 2.132
565.000 10.000 2.004
575.000 10.000 2.262
585.000 10.000 345.323
595.000 10.000 1.970
605.000 10.000 0.001
615.000 10.000 -968.974
625.000 10.000 0.867
635.000 10.000 1.281
645.000 10.000 1.380
655.000 10.000 1.477
665.000 10.000 1.391
675.000 10.000 1.684
685.000 10.000 1.694
695.000 10.000 0.886
705.000 10.000 1.185
715.000 10.000 1.211
725.000 10.000 0.854
735.000 10.000 0.917
745.000 10.000 0.943
755.000 10.000 1.455
765.000 10.000 1.232
775.000 10.000 1.296
785.000 10.000 1.424
795.000 10.000 1.276
805.000 10.000 1.293
815.000 10.000 1.328
825.000 10.000 1.150
835.000 10.000 1.296
845.000 10.000 1.314
855.000 10.000 2.532
865.000 10.000 1.050
875.000 10.000 1.013
885.000 10.000 1.269
895.000 10.000 0.979
905.000 10.000 1.451
915.000 10.000 1.387
925.000 10.000 1.382
935.000 10.000 1.451
945.000 10.000 1.477
955.000 10.000 0.593
965.000 10.000 1.466
975.000 10.000 1.318
985.000 10.000 1.475
995.000 10.000 0.841
1005.000 10.000 1.543
1015.000 10.000 2.124
1025.000 10.000 1.512
1035.000 10.000 1.429
1045.000 10.000 1.793
1055.000 10.000 1.817
1065.000 10.000 1.732
1075.000 10.000 1.502
1085.000 10.000 1.828
1095.000 10.000 1.328
1105.000 10.000 1.615
1115.000 10.000 1.659
1125.000 10.000 1.754
1135.000 10.000 1.593
1145.000 10.000 1.507
1155.000 10.000 1.720
1165.000 10.000 0.350
1175.000 10.000 1.359
1185.000 10.000 1.714
1195.000 10.000 1.401
1205.000 10.000 2.366
1215.000 10.000 2.252
1225.000 10.000 2.203
1235.000 10.000 4.348
1245.000 10.000 3.804
1255.000 10.000 3.556
1265.000 10.000 3.955
1275.000 10.000 1.194
30.000 20.000 24.944
40.000 20.000 23.723
50.000 20.000 19.793
60.000 20.000 19.668
70.000 20.000 18.995
80.000 20.000 16.983
90.000 20.000 14.043
100.000 20.000 13.054
110.000 20.000 11.332
120.000 20.000 10.652
130.000 20.000 10.534
140.000 20.000 10.073
150.000 20.000 9.589
160.000 20.000 9.323
170.000 20.000 9.375
180.000 20.000 9.041
190.000 20.000 7.654
200.000 20.000 8.164
210.000 20.000 7.829
220.000 20.000 7.209
230.000 20.000 7.068
240.000 20.000 6.643
250.000 20.000 6.361
260.000 20.000 7.527
270.000 20.000 6.883
280.000 20.000 6.766
290.000 20.000 5.812
300.000 20.000 6.490
310.000 20.000 6.423
320.000 20.000 6.021
330.000 20.000 6.128
340.000 20.000 5.994
350.000 20.000 6.008
360.000 20.000 6.041
370.000 20.000 4.560
380.000 20.000 5.438
390.000 20.000 9.675
400.000 20.000 4.580
410.000 20.000 4.994
420.000 20.000 3.958
430.000 20.000 4.687
440.000 20.000 4.157
450.000 20.000 3.961
460.000 20.000 4.402
470.000 20.000 3.568
480.000 20.000 4.591
490.000 20.000 3.611
500.000 20.000 4.105
510.000 20.000 4.582
520.000 20.000 4.539
530.000 20.000 3.877
540.000 20.000 4.229
550.000 20.000 4.755
560.000 20.000 3.869
570.000 20.000 876.602
580.000 20.000 3.769
590.000 20.000 3.761
600.000 20.000 2.735
610.000 20.000 0.002
620.000 20.000 0.912
630.000 20.000 -1625.007
640.000 20.000 1.125
650.000 20.000 1.546
660.000 20.000 1.956
670.000 20.000 1.823
680.000 20.000 2.223
690.000 20.000 1.177
700.000 20.000 1.815
710.000 20.000 1.618
720.000 20.000 1.261
730.000 20.000 1.427
740.000 20.000 2.439
750.000 20.000 2.663
760.000 20.000 1.232
770.000 20.000 2.261
780.000 20.000 2.517
790.000 20.000 1.529
800.000 20.000 1.460
810.000 20.000 1.774
820.000 20.000 1.323
830.000 20.000 3.414
840.000 20.000 1.811
850.000 20.000 2.090
860.000 20.000 1.601
870.000 20.000 1.356
880.000 20.000 1.965
890.000 20.000 1.259
900.000 20.000 1.001
910.000 20.000 2.670
920.000 20.000 1.665
930.000 20.000 2.843
940.000 20.000 1.836
950.000 20.000 2.425
960.000 20.000 1.204
970.000 20.000 5.046
980.000 20.000 2.483
990.000 20.000 2.496
1000.000 20.000 3.159
1010.000 20.000 2.425
1020.000 20.000 2.069
1030.000 20.000 2.518
1040.000 20.000 2.130
1050.000 20.000 2.559
1060.000 20.000 3.553
1070.000 20.000 2.284
1080.000 20.000 2.602
1090.000 20.000 1.936
1100.000 20.000 2.495
1110.000 20.000 2.161
1120.000 20.000 2.690
1130.000 20.000 1.943
1140.000 20.000 1.130
1150.000 20.000 1.685
1160.000 20.000 2.788
1170.000 20.000 2.694
1180.000 20.000 3.937
1190.000 20.000 2.165
1200.000 20.000 3.508
1210.000 20.000 4.120
1220.000 20.000 4.070
1230.000 20.000 5.117
1240.000 20.000 5.310
1250.000 20.000 5.485
1260.000 20.000 1.109
45.000 30.000 32.339
55.000 30.000 28.421
65.000 30.000 24.641
75.000 30.000 23.485
85.000 30.000 21.759
95.000 30.000 19.550
105.000 30.000 17.923
115.000 30.000 16.108
125.000 30.000 15.880
135.000 30.000 15.847
145.000 30.000 15.133
155.000 30.000 14.684
165.000 30.000 14.128
175.000 30.000 14.422
185.000 30.000 13.073
195.000 30.000 13.339
205.000 30.000 12.831
215.000 30.000 12.373
225.000 30.000 11.810
235.000 30.000 11.825
245.000 30.000 10.984
255.000 30.000 11.603
265.000 30.000 11.278
275.000 30.000 10.745
285.000 30.000 10.269
295.000 30.000 9.820
305.000 30.000 9.507
315.000 30.000 9.371
325.000 30.000 10.043
335.000 30.000 9.993
345.000 30.000 10.048
355.000 30.000 9.366
365.000 30.000 9.411
375.000 30.000 8.902
385.000 30.000 8.258
395.000 30.000 8.789
405.000 30.000 7.038
415.000 30.000 7.359
425.000 30.000 8.946
435.000 30.000 6.207
445.000 30.000 8.250
455.000 30.000 5.227
465.000 30.000 6.835
475.000 30.000 5.283
485.000 30.000 5.005
495.000 30.000 5.629
505.000 30.000 6.219
515.000 30.000 7.446
525.000 30.000 6.653
535.000 30.000 6.146
545.000 30.000 7.194
555.000 30.000 1370.999
565.000 30.000 7.094
575.000 30.000 5.944
585.000 30.000 5.137
595.000 30.000 5.099
605.000 30.000 2.938
615.000 30.000 0.003
625.000 30.000 1.927
635.000 30.000 0.425
645.000 30.000 -2247.140
655.000 30.000 1.132
665.000 30.000 2.180
675.000 30.000 2.056
685.000 30.000 1.131
695.000 30.000 1.095
705.000 30.000 1.738
715.000 30.000 0.651
725.000 30.000 2.273
735.000 30.000 2.415
745.000 30.000 3.546
755.000 30.000 2.185
765.000 30.000 3.224
775.000 30.000 3.493
785.000 30.000 2.965
795.000 30.000 4.209
805.000 30.000 0.867
815.000 30.000 0.888
825.000 30.000 2.812
835.000 30.000 1.709
845.000 30.000 -0.205
855.000 30.000 0.742
865.000 30.000 0.446
875.000 30.000 6.314
885.000 30.000 1.661
895.000 30.000 3.089
905.000 30.000 3.672
915.000 30.000 2.014
925.000 30.000 4.359
935.000 30.000 3.106
945.000 30.000 3.572
955.000 30.000 3.395
965.000 30.000 2.703
975.000 30.000 4.609
985.000 30.000 5.042
995.000 30.000 2.750
1005.000 30.000 3.976
1015.000 30.000 4.056
1025.000 30.000 3.089
1035.000 30.000 5.288
1045.000 30.000 4.353
1055.000 30.000 4.660
1065.000 30.000 3.654
1075.000 30.000 4.419
1085.000 30.000 2.629
1095.000 30.000 3.520
1105.000 30.000 4.649
1115.000 30.000 3.285
1125.000 30.000 3.336
1135.000 30.000 2.515
1145.000 30.000 3.057
1155.000 30.000 3.474
1165.000 30.000 3.861
1175.000 30.000 4.201
1185.000 30.000 7.201
1195.000 30.000 5.154
1205.000 30.000 5.505
1215.000 30.000 7.541
1225.000 30.000 8.243
1235.000 30.000 6.957
1245.000 30.000 6.968
60.000 40.000 36.510
70.000 40.000 32.128
80.000 40.000 27.785
90.000 40.000 25.469
100.000 40.000 22.402
110.000 40.000 22.743
120.000 40.000 21.539
130.000 40.000 20.615
140.000 40.000 20.817
150.000 40.000 20.339
160.000 40.000 19.784
170.000 40.000 19.757
180.000 40.000 18.288
190.000 40.000 18.626
200.000 40.000 15.514
210.000 40.000 16.575
220.000 40.000 16.515
230.000 40.000 16.668
240.000 40.000 16.789
250.000 40.000 16.497
260.000 40.000 15.792
270.000 40.000 15.765
280.000 40.000 14.308
290.000 40.000 13.389
300.000 40.000 14.033
310.000 40.000 14.189
320.000 40.000 13.587
330.000 40.000 13.699
340.000 40.000 13.889
350.000 40.000 13.790
360.000 40.000 9.792
370.000 40.000 11.367
380.000 40.000 12.456
390.000 40.000 10.180
400.000 40.000 10.607
410.000 40.000 9.754
420.000 40.000 11.293
430.000 40.000 9.237
440.000 40.000 7.170
450.000 40.000 10.556
460.000 40.000 9.645
470.000 40.000 9.898
480.000 40.000 9.016
490.000 40.000 9.372
500.000 40.000 8.331
510.000 40.000 9.894
520.000 40.000 9.228
530.000 40.000 10.582
540.000 40.000 1982.013
550.000 40.000 9.279
560.000 40.000 7.787
570.000 40.000 7.920
580.000 40.000 8.567
590.000 40.000 5.333
600.000 40.000 5.006
610.000 40.000 4.338
620.000 40.000 0.006
630.000 40.000 3.071
640.000 40.000 2.921
650.000 40.000 0.724
660.000 40.000 -2227.199
670.000 40.000 0.261
680.000 40.000 -0.381
690.000 40.000 1.933
700.000 40.000 1.113
710.000 40.000 4.237
720.000 40.000 0.915
730.000 40.000 2.286
740.000 40.000 2.736
750.000 40.000 2.926
760.000 40.000 3.971
770.000 40.000 2.727
780.000 40.000 1.945
790.000 40.000 3.581
800.000 40.000 2.349
810.000 40.000 -1.127
820.000 40.000 1.029
830.000 40.000 5.539
840.000 40.000 4.340
850.000 40.000 -1.388
860.000 40.000 2.652
870.000 40.000 0.151
880.000 40.000 4.298
890.000 40.000 3.692
900.000 40.000 5.005
910.000 40.000 2.607
920.000 40.000 1.384
930.000 40.000 1.403
940.000 40.000 3.557
950.000 40.000 1.779
960.000 40.000 6.540
970.000 40.000 6.047
980.000 40.000 4.996
990.000 40.000 1.704
1000.000 40.000 6.793
1010.000 40.000 4.063
1020.000 40.000 2.442
1030.000 40.000 9.626
1040.000 40.000 5.192
1050.000 40.000 4.867
1060.000 40.000 3.257
1070.000 40.000 5.397
1080.000 40.000 2.865
1090.000 40.000 6.121
1100.000 40.000 3.378
1110.000 40.000 5.300
1120.000 40.000 4.940
1130.000 40.000 3.120
1140.000 40.000 4.449
1150.000 40.000 4.661
1160.000 40.000 4.667
1170.000 40.000 5.492
1180.000 40.000 5.866
1190.000 40.000 7.204
1200.000 40.000 8.104
1210.000 40.000 8.082
1220.000 40.000 8.970
1230.000 40.000 9.180
75.000 50.000 37.468
85.000 50.000 33.132
95.000 50.000 29.910
105.000 50.000 28.605
115.000 50.000 28.121
125.000 50.000 26.844
135.000 50.000 26.078
145.000 50.000 25.460
155.000 50.000 25.371
165.000 50.000 24.876
175.000 50.000 23.175
185.000 50.000 23.092
195.000 50.000 21.616
205.000 50.000 21.073
215.000 50.000 21.358
225.000 50.000 20.783
235.000 50.000 20.325
245.000 50.000 21.051
255.000 50.000 20.055
265.000 50.000 20.811
275.000 50.000 18.830
285.000 50.000 18.820
295.000 50.000 17.868
305.000 50.000 17.434
315.000 50.000 17.822
325.000 50.000 17.441
335.000 50.000 18.021
345.000 50.000 15.794
355.000 50.000 16.883
365.000 50.000 11.809
375.000 50.000 14.199
385.000 50.000 16.718
395.000 50.000 16.889
405.000 50.000 12.935
415.000 50.000 14.891
425.000 50.000 13.945
435.000 50.000 12.812
445.000 50.000 12.818
455.000 50.000 11.762
465.000 50.000 13.665
475.000 50.000 13.733
485.000 50.000 13.414
495.000 50.000 12.250
505.000 50.000 14.197
515.000 50.000 13.296
525.000 50.000 2924.009
535.000 50.000 12.708
545.000 50.000 9.967
555.000 50.000 9.480
565.000 50.000 10.387
575.000 50.000 8.953
585.000 50.000 8.258
595.000 50.000 7.523
605.000 50.000 5.623
615.000 50.000 5.425
625.000 50.000 0.006
635.000 50.000 4.597
645.000 50.000 4.552
655.000 50.000 3.089
665.000 50.000 1.576
675.000 50.000 -6662.875
685.000 50.000 -3.379
695.000 50.000 -1.596
705.000 50.000 0.746
715.000 50.000 0.956
725.000 50.000 -0.044
735.000 50.000 2.790
745.000 50.000 -1.220
755.000 50.000 2.702
765.000 50.000 2.882
775.000 50.000 0.544
785.000 50.000 2.487
795.000 50.000 2.592
805.000 50.000 1.212
815.000 50.000 1.718
825.000 50.000 3.425
835.000 50.000 3.973
845.000 50.000 3.376
855.000 50.000 11.072
865.000 50.000 4.393
875.000 50.000 -4.995
885.000 50.000 2.172
895.000 50.000 6.118
905.000 50.000 2.635
915.000 50.000 4.399
925.000 50.000 2.776
935.000 50.000 4.297
945.000 50.000 1.896
955.000 50.000 9.483
965.000 50.000 5.348
975.000 50.000 4.336
985.000 50.000 4.655
995.000 50.000 7.935
1005.000 50.000 7.871
1015.000 50.000 2.722
1025.000 50.000 2.845
1035.000 50.000 8.076
1045.000 50.000 4.691
1055.000 50.000 3.772
1065.000 50.000 8.317
1075.000 50.000 4.106
1085.000 50.000 5.191
1095.000 50.000 4.223
1105.000 50.000 4.184
1115.000 50.000 4.808
1125.000 50.000 4.762
1135.000 50.000 7.202
1145.000 50.000 4.793
1155.000 50.000 6.494
1165.000 50.000 6.247
1175.000 50.000 6.567
1185.000 50.000 8.524
1195.000 50.000 7.781
1205.000 50.000 10.485
1215.000 50.000 12.933
90.000 60.000 38.349
100.000 60.000 35.838
110.000 60.000 32.416
120.000 60.000 30.448
130.000 60.000 30.643
140.000 60.000 29.961
150.000 60.000 31.213
160.000 60.000 30.061
170.000 60.000 28.980
180.000 60.000 26.284
190.000 60.000 26.483
200.000 60.000 25.651
210.000 60.000 24.309
220.000 60.000 26.277
230.000 60.000 25.798
240.000 60.000 25.466
250.000 60.000 24.276
260.000 60.000 23.757
270.000 60.000 23.158
280.000 60.000 24.403
290.000 60.000 20.721
300.000 60.000 20.976
310.000 60.000 21.648
320.000 60.000 23.632
330.000 60.000 20.189
340.000 60.000 19.809
350.000 60.000 11.637
360.000 60.000 20.675
370.000 60.000 17.334
380.000 60.000 21.555
390.000 60.000 17.931
400.000 60.000 14.108
410.000 60.000 17.391
420.000 60.000 13.663
430.000 60.000 18.325
440.000 60.000 15.882
450.000 60.000 16.566
460.000 60.000 15.648
470.000 60.000 13.933
480.000 60.000 16.417
490.000 60.000 2.057
500.000 60.000 19.686
510.000 60.000 3570.170
520.000 60.000 18.221
530.000 60.000 16.732
540.000 60.000 5.192
550.000 60.000 11.194
560.000 60.000 12.383
570.000 60.000 11.135
580.000 60.000 12.480
590.000 60.000 8.505
600.000 60.000 11.170
610.000 60.000 7.595
620.000 60.000 6.149
630.000 60.000 0.008
640.000 60.000 6.601
650.000 60.000 5.227
660.000 60.000 7.281
670.000 60.000 -1.834
680.000 60.000 -5.353
690.000 60.000 -7841.981
700.000 60.000 -4.879
710.000 60.000 0.308
720.000 60.000 1.860
730.000 60.000 2.303
740.000 60.000 2.732
750.000 60.000 5.491
760.000 60.000 0.368
770.000 60.000 -1.406
780.000 60.000 -0.281
790.000 60.000 -0.537
800.000 60.000 4.047
810.000 60.000 4.390
820.000 60.000 2.137
830.000 60.000 4.472
840.000 60.000 0.326
850.000 60.000 5.622
860.000 60.000 1.684
870.000 60.000 4.465
880.000 60.000 5.921
890.000 60.000 7.051
900.000 60.000 5.723
910.000 60.000 4.591
920.000 60.000 5.912
930.000 60.000 3.415
940.000 60.000 4.578
950.000 60.000 7.978
960.000 60.000 5.724
970.000 60.000 4.996
980.000 60.000 7.110
990.000 60.000 5.969
1000.000 60.000 7.852
1010.000 60.000 8.016
1020.000 60.000 1.849
1030.000 60.000 6.614
1040.000 60.000 4.289
1050.000 60.000 4.488
1060.000 60.000 7.924
1070.000 60.000 4.905
1080.000 60.000 5.104
1090.000 60.000 5.257
1100.000 60.000 6.236
1110.000 60.000 2.507
1120.000 60.000 3.751
1130.000 60.000 8.203
1140.000 60.000 6.378
1150.000 60.000 6.223
1160.000 60.000 4.349
1170.000 60.000 6.915
1180.000 60.000 10.241
1190.000 60.000 11.007
1200.000 60.000 12.970
105.000 70.000 40.955
115.000 70.000 37.795
125.000 70.000 35.140
135.000 70.000 34.709
145.000 70.000 34.991
155.000 70.000 34.969
165.000 70.000 34.401
175.000 70.000 32.575
185.000 70.000 32.075
195.000 70.000 32.447
205.000 70.000 31.427
215.000 70.000 30.476
225.000 70.000 29.714
235.000 70.000 29.411
245.000 70.000 28.717
255.000 70.000 28.408
265.000 70.000 27.141
275.000 70.000 26.759
285.000 70.000 27.656
295.000 70.000 25.224
305.000 70.000 24.322
315.000 70.000 23.742
325.000 70.000 23.178
335.000 70.000 22.736
345.000 70.000 22.053
355.000 70.000 22.215
365.000 70.000 24.028
375.000 70.000 22.376
385.000 70.000 15.589
395.000 70.000 21.449
405.000 70.000 16.896
415.000 70.000 16.835
425.000 70.000 19.615
435.000 70.000 21.104
445.000 70.000 21.398
455.000 70.000 17.646
465.000 70.000 23.532
475.000 70.000 18.808
485.000 70.000 21.590
495.000 70.000 4490.063
505.000 70.000 20.390
515.000 70.000 14.480
525.000 70.000 23.066
535.000 70.000 16.687
545.000 70.000 11.123
555.000 70.000 11.771
565.000 70.000 13.369
575.000 70.000 11.249
585.000 70.000 13.116
595.000 70.000 12.758
605.000 70.000 9.853
615.000 70.000 6.703
625.000 70.000 8.286
635.000 70.000 0.014
645.000 70.000 7.053
655.000 70.000 7.256
665.000 70.000 0.673
675.000 70.000 -0.616
685.000 70.000 -2.971
695.000 70.000 -7.166
705.000 70.000 -8775.255
715.000 70.000 -6.002
725.000 70.000 -2.059
735.000 70.000 -1.981
745.000 70.000 1.790
755.000 70.000 5.748
765.000 70.000 0.092
775.000 70.000 -2.549
785.000 70.000 2.746
795.000 70.000 1.928
805.000 70.000 2.325
815.000 70.000 0.309
825.000 70.000 7.206
835.000 70.000 -0.408
845.000 70.000 -1.143
855.000 70.000 4.930
865.000 70.000 -4.855
875.000 70.000 3.567
885.000 70.000 4.739
895.000 70.000 1.971
905.000 70.000 4.779
915.000 70.000 5.696
925.000 70.000 5.788
935.000 70.000 5.120
945.000 70.000 5.116
955.000 70.000 6.994
965.000 70.000 1.082
975.000 70.000 1.640
985.000 70.000 -0.096
995.000 70.000 6.643
1005.000 70.000 7.250
1015.000 70.000 13.470
1025.000 70.000 6.943
1035.000 70.000 7.917
1045.000 70.000 5.110
1055.000 70.000 7.034
1065.000 70.000 5.142
1075.000 70.000 5.893
1085.000 70.000 7.833
1095.000 70.000 5.690
1105.000 70.000 8.275
1115.000 70.000 7.723
1125.000 70.000 7.333
1135.000 70.000 8.289
1145.000 70.000 6.707
1155.000 70.000 7.866
1165.000 70.000 7.046
1175.000 70.000 8.740
1185.000 70.000 8.607
120.000 80.000 42.523
130.000 80.000 35.621
140.000 80.000 38.290
150.000 80.000 37.809
160.000 80.000 40.537
170.000 80.000 38.055
180.000 80.000 27.563
190.000 80.000 37.031
200.000 80.000 35.206
210.000 80.000 35.695
220.000 80.000 35.288
230.000 80.000 32.965
240.000 80.000 32.839
250.000 80.000 32.323
260.000 80.000 34.337
270.000 80.000 30.583
280.000 80.000 27.358
290.000 80.000 28.994
300.000 80.000 28.279
310.000 80.000 26.699
320.000 80.000 27.019
330.000 80.000 24.731
340.000 80.000 26.488
350.000 80.000 26.910
360.000 80.000 26.188
370.000 80.000 25.485
380.000 80.000 23.070
390.000 80.000 25.790
400.000 80.000 23.566
410.000 80.000 25.390
420.000 80.000 28.415
430.000 80.000 19.683
440.000 80.000 21.878
450.000 80.000 26.021
460.000 80.000 26.631
470.000 80.000 28.083
480.000 80.000 5449.705
490.000 80.000 18.036
500.000 80.000 26.621
510.000 80.000 21.103
520.000 80.000 15.252
530.000 80.000 16.671
540.000 80.000 18.516
550.000 80.000 17.218
560.000 80.000 14.564
570.000 80.000 13.994
580.000 80.000 21.099
590.000 80.000 12.132
600.000 80.000 12.249
610.000 80.000 13.150
620.000 80.000 17.554
630.000 80.000 11.354
640.000 80.000 0.015
650.000 80.000 7.288
660.000 80.000 3.382
670.000 80.000 1.022
680.000 80.000 -1.369
690.000 80.000 -1.533
700.000 80.000 -2.121
710.000 80.000 -7.973
720.000 80.000 -9747.902
730.000 80.000 -6.484
740.000 80.000 3.683
750.000 80.000 0.010
760.000 80.000 -0.995
770.000 80.000 -3.284
780.000 80.000 0.539
790.000 80.000 -2.164
800.000 80.000 1.867
810.000 80.000 2.459
820.000 80.000 4.614
830.000 80.000 3.519
840.000 80.000 3.560
850.000 80.000 5.548
860.000 80.000 -1.827
870.000 80.000 3.455
880.000 80.000 2.973
890.000 80.000 3.212
900.000 80.000 -3.024
910.000 80.000 1.774
920.000 80.000 2.996
930.000 80.000 5.678
940.000 80.000 7.515
950.000 80.000 9.598
960.000 80.000 4.602
970.000 80.000 3.634
980.000 80.000 4.249
990.000 80.000 7.736
1000.000 80.000 16.476
1010.000 80.000 5.845
1020.000 80.000 5.283
1030.000 80.000 5.395
1040.000 80.000 6.717
1050.000 80.000 7.333
1060.000 80.000 1.535
1070.000 80.000 8.049
1080.000 80.000 5.450
1090.000 80.000 4.804
1100.000 80.000 6.749
1110.000 80.000 5.870
1120.000 80.000 6.913
1130.000 80.000 8.474
1140.000 80.000 11.449
1150.000 80.000 6.966
1160.000 80.000 10.303
1170.000 80.000 10.964
135.000 90.000 41.206
145.000 90.000 42.422
155.000 90.000 40.587
165.000 90.000 41.902
175.000 90.000 42.298
185.000 90.000 39.300
195.000 90.000 39.244
205.000 90.000 37.209
215.000 90.000 36.565
225.000 90.000 38.517
235.000 90.000 38.107
245.000 90.000 34.267
255.000 90.000 34.726
265.000 90.000 33.735
275.000 90.000 34.082
285.000 90.000 30.103
295.000 90.000 33.551
305.000 90.000 30.506
315.000 90.000 29.349
325.000 90.000 29.025
335.000 90.000 33.166
345.000 90.000 28.995
355.000 90.000 23.412
365.000 90.000 28.785
375.000 90.000 31.542
385.000 90.000 19.149
395.000 90.000 24.991
405.000 90.000 27.771
415.000 90.000 21.805
425.000 90.000 27.767
435.000 90.000 22.680
445.000 90.000 23.741
455.000 90.000 19.056
465.000 90.000 6246.591
475.000 90.000 28.570
485.000 90.000 27.642
495.000 90.000 27.476
505.000 90.000 20.699
515.000 90.000 24.148
525.000 90.000 23.445
535.000 90.000 19.243
545.000 90.000 22.817
555.000 90.000 14.924
565.000 90.000 16.913
575.000 90.000 17.492
585.000 90.000 9.932
595.000 90.000 26.685
605.000 90.000 1.249
615.000 90.000 4.691
625.000 90.000 5.496
635.000 90.000 12.426
645.000 90.000 0.015
655.000 90.000 5.516
665.000 90.000 4.878
675.000 90.000 2.510
685.000 90.000 1.942
695.000 90.000 0.791
705.000 90.000 -0.793
715.000 90.000 -2.234
725.000 90.000 -7.800
735.000 90.000 -10339.220
745.000 90.000 -8.214
755.000 90.000 -2.392
765.000 90.000 4.071
775.000 90.000 -1.982
785.000 90.000 -0.664
795.000 90.000 0.195
805.000 90.000 0.222
815.000 90.000 0.716
825.000 90.000 6.985
835.000 90.000 9.783
845.000 90.000 6.179
855.000 90.000 10.953
865.000 90.000 -6.973
875.000 90.000 0.724
885.000 90.000 1.420
895.000 90.000 -4.175
905.000 90.000 23.836
915.000 90.000 -0.566
925.000 90.000 5.166
935.000 90.000 2.337
945.000 90.000 7.269
955.000 90.000 2.845
965.000 90.000 11.096
975.000 90.000 5.637
985.000 90.000 2.421
995.000 90.000 0.515
1005.000 90.000 9.476
1015.000 90.000 4.285
1025.000 90.000 9.384
1035.000 90.000 3.806
1045.000 90.000 14.321
1055.000 90.000 0.733
1065.000 90.000 4.458
1075.000 90.000 5.581
1085.000 90.000 8.345
1095.000 90.000 10.014
1105.000 90.000 4.967
1115.000 90.000 3.138
1125.000 90.000 8.789
1135.000 90.000 7.256
1145.000 90.000 9.982
1155.000 90.000 10.651
150.000 100.000 42.807
160.000 100.000 41.693
170.000 100.000 45.744
180.000 100.000 46.585
190.000 100.000 38.132
200.000 100.000 43.987
210.000 100.000 42.319
220.000 100.000 39.740
230.000 100.000 33.500
240.000 100.000 38.927
250.000 100.000 39.996
260.000 100.000 33.727
270.000 100.000 33.942
280.000 100.000 33.784
290.000 100.000 36.066
300.000 100.000 36.817
310.000 100.000 35.722
320.000 100.000 35.950
330.000 100.000 30.221
340.000 100.000 28.781
350.000 100.000 31.576
360.000 100.000 31.324
370.000 100.000 24.756
380.000 100.000 28.684
390.000 100.000 28.334
400.000 100.000 30.179
410.000 100.000 29.785
420.000 100.000 31.727
430.000 100.000 28.987
440.000 100.000 12.858
450.000 100.000 7865.944
460.000 100.000 31.378
470.000 100.000 30.618
480.000 100.000 28.883
490.000 100.000 22.761
500.000 100.000 31.704
510.000 100.000 30.908
520.000 100.000 16.838
530.000 100.000 26.770
540.000 100.000 13.755
550.000 100.000 9.704
560.000 100.000 26.662
570.000 100.000 20.008
580.000 100.000 16.125
590.000 100.000 16.538
600.000 100.000 18.268
610.000 100.000 14.925
620.000 100.000 15.407
630.000 100.000 13.684
640.000 100.000 12.046
650.000 100.000 0.018
660.000 100.000 6.060
670.000 100.000 6.048
680.000 100.000 2.587
690.000 100.000 3.253
700.000 100.000 1.835
710.000 100.000 -0.141
720.000 100.000 -0.083
730.000 100.000 -4.027
740.000 100.000 -8.025
750.000 100.000 -15397.879
760.000 100.000 -14.695
770.000 100.000 -4.423
780.000 100.000 -8.688
790.000 100.000 -1.835
800.000 100.000 4.847
810.000 100.000 -1.116
820.000 100.000 -0.839
830.000 100.000 12.906
840.000 100.000 6.920
850.000 100.000 5.740
860.000 100.000 0.857
870.000 100.000 8.678
880.000 100.000 9.467
890.000 100.000 3.902
900.000 100.000 6.059
910.000 100.000 4.708
920.000 100.000 6.806
930.000 100.000 12.634
940.000 100.000 -3.515
950.000 100.000 2.377
960.000 100.000 6.628
970.000 100.000 7.416
980.000 100.000 21.124
990.000 100.000 2.123
1000.000 100.000 -3.404
1010.000 100.000 6.475
1020.000 100.000 15.377
1030.000 100.000 9.655
1040.000 100.000 0.915
1050.000 100.000 9.788
1060.000 100.000 0.372
1070.000 100.000 9.901
1080.000 100.000 8.094
1090.000 100.000 13.107
1100.000 100.000 6.729
1110.000 100.000 1.389
1120.000 100.000 10.344
1130.000 100.000 10.859
1140.000 100.000 10.933
165.000 110.000 36.682
175.000 110.000 48.149
185.000 110.000 44.446
195.000 110.000 36.692
205.000 110.000 43.241
215.000 110.000 45.433
225.000 110.000 29.579
235.000 110.000 43.465
245.000 110.000 39.214
255.000 110.000 40.457
265.000 110.000 43.353
275.000 110.000 42.448
285.000 110.000 41.946
295.000 110.000 36.720
305.000 110.000 35.743
315.000 110.000 40.329
325.000 110.000 33.450
335.000 110.000 35.303
345.000 110.000 36.605
355.000 110.000 33.375
365.000 110.000 28.160
375.000 110.000 25.278
385.000 110.000 38.395
395.000 110.000 29.336
405.000 110.000 35.473
415.000 110.000 28.177
425.000 110.000 28.128
435.000 110.000 2687.878
445.000 110.000 38.172
455.000 110.000 27.564
465.000 110.000 23.687
475.000 110.000 21.031
485.000 110.000 29.015
495.000 110.000 32.356
505.000 110.000 18.568
515.000 110.000 19.961
525.000 110.000 8.413
535.000 110.000 13.170
545.000 110.000 14.935
555.000 110.000 24.185
565.000 110.000 19.179
575.000 110.000 16.326
585.000 110.000 15.646
595.000 110.000 20.562
605.000 110.000 16.508
615.000 110.000 17.988
625.000 110.000 7.302
635.000 110.000 16.175
645.000 110.000 7.455
655.000 110.000 0.018
665.000 110.000 5.764
675.000 110.000 8.012
685.000 110.000 4.488
695.000 110.000 4.451
705.000 110.000 3.783
715.000 110.000 1.606
725.000 110.000 0.163
735.000 110.000 1.450
745.000 110.000 -9.541
755.000 110.000 -14.515
765.000 110.000 -16980.920
775.000 110.000 -9.976
785.000 110.000 -15.442
795.000 110.000 -10.496
805.000 110.000 -6.658
815.000 110.000 -9.536
825.000 110.000 -1.113
835.000 110.000 2.454
845.000 110.000 -14.771
855.000 110.000 -10.857
865.000 110.000 2.031
875.000 110.000 2.439
885.000 110.000 -4.705
895.000 110.000 -0.024
905.000 110.000 8.042
915.000 110.000 -7.408
925.000 110.000 14.523
935.000 110.000 1.669
945.000 110.000 6.761
955.000 110.000 15.060
965.000 110.000 0.548
975.000 110.000 8.666
985.000 110.000 0.301
995.000 110.000 14.370
1005.000 110.000 5.380
1015.000 110.000 9.428
1025.000 110.000 4.112
1035.000 110.000 -6.076
1045.000 110.000 -1.114
1055.000 110.000 -3.971
1065.000 110.000 11.446
1075.000 110.000 12.983
1085.000 110.000 4.678
1095.000 110.000 7.204
1105.000 110.000 7.777
1115.000 110.000 11.117
1125.000 110.000 9.958
180.000 120.000 31.511
190.000 120.000 49.055
200.000 120.000 55.932
210.000 120.000 46.213
220.000 120.000 48.334
230.000 120.000 48.512
240.000 120.000 46.782
250.000 120.000 45.521
260.000 120.000 43.632
270.000 120.000 42.195
280.000 120.000 37.160
290.000 120.000 36.013
300.000 120.000 39.887
310.000 120.000 39.310
320.000 120.000 41.349
330.000 120.000 36.089
340.000 120.000 30.600
350.000 120.000 40.952
360.000 120.000 37.926
370.000 120.000 30.873
380.000 120.000 37.037
390.000 120.000 32.929
400.000 120.000 34.209
410.000 120.000 38.811
420.000 120.000 3781.433
430.000 120.000 38.172
440.000 120.000 37.754
450.000 120.000 33.021
460.000 120.000 35.829
470.000 120.000 34.663
480.000 120.000 27.477
490.000 120.000 23.741
500.000 120.000 32.822
510.000 120.000 30.230
520.000 120.000 36.077
530.000 120.000 31.486
540.000 120.000 44.035
550.000 120.000 22.365
560.000 120.000 34.941
570.000 120.000 20.917
580.000 120.000 16.259
590.000 120.000 28.949
600.000 120.000 14.745
610.000 120.000 16.206
620.000 120.000 31.023
630.000 120.000 22.527
640.000 120.000 9.701
650.000 120.000 0.710
660.000 120.000 0.014
670.000 120.000 8.547
680.000 120.000 6.518
690.000 120.000 4.365
700.000 120.000 6.604
710.000 120.000 4.315
720.000 120.000 2.329
730.000 120.000 1.069
740.000 120.000 -5.372
750.000 120.000 -9.431
760.000 120.000 -10.782
770.000 120.000 -23.912
780.000 120.000 -18128.789
790.000 120.000 -16.098
800.000 120.000 -13.281
810.000 120.000 -10.768
820.000 120.000 8.066
830.000 120.000 -2.737
840.000 120.000 -3.741
850.000 120.000 -3.229
860.000 120.000 6.857
870.000 120.000 6.956
880.000 120.000 8.968
890.000 120.000 8.250
900.000 120.000 4.058
910.000 120.000 -1.586
920.000 120.000 7.576
930.000 120.000 6.379
940.000 120.000 7.213
950.000 120.000 17.133
960.000 120.000 9.128
970.000 120.000 9.078
980.000 120.000 6.958
990.000 120.000 6.765
1000.000 120.000 -3.198
1010.000 120.000 6.655
1020.000 120.000 0.570
1030.000 120.000 7.461
1040.000 120.000 4.981
1050.000 120.000 9.685
1060.000 120.000 13.997
1070.000 120.000 5.717
1080.000 120.000 9.539
1090.000 120.000 7.121
1100.000 120.000 7.926
1110.000 120.000 14.292
195.000 130.000 50.607
205.000 130.000 51.521
215.000 130.000 47.873
225.000 130.000 47.759
235.000 130.000 44.565
245.000 130.000 66.446
255.000 130.000 54.712
265.000 130.000 41.649
275.000 130.000 39.902
285.000 130.000 43.467
295.000 130.000 41.262
305.000 130.000 40.863
315.000 130.000 40.593
325.000 130.000 32.442
335.000 130.000 43.442
345.000 130.000 22.504
355.000 130.000 42.497
365.000 130.000 42.675
375.000 130.000 44.770
385.000 130.000 38.527
395.000 130.000 42.369
405.000 130.000 4037.027
415.000 130.000 30.008
425.000 130.000 32.378
435.000 130.000 31.993
445.000 130.000 41.053
455.000 130.000 26.329
465.000 130.000 42.235
475.000 130.000 33.834
485.000 130.000 25.424
495.000 130.000 36.697
505.000 130.000 30.118
515.000 130.000 34.762
525.000 130.000 11.927
535.000 130.000 26.741
545.000 130.000 19.564
555.000 130.000 18.280
565.000 130.000 24.915
575.000 130.000 12.776
585.000 130.000 22.291
595.000 130.000 17.614
605.000 130.000 10.418
615.000 130.000 18.312
625.000 130.000 12.701
635.000 130.000 22.451
645.000 130.000 11.970
655.000 130.000 14.608
665.000 130.000 0.014
675.000 130.000 11.985
685.000 130.000 5.377
695.000 130.000 10.779
705.000 130.000 6.681
715.000 130.000 5.035
725.000 130.000 6.241
735.000 130.000 -2.494
745.000 130.000 -0.550
755.000 130.000 -7.568
765.000 130.000 -11.484
775.000 130.000 -14.079
785.000 130.000 -18.347
795.000 130.000 -19178.424
805.000 130.000 -0.297
815.000 130.000 -14.120
825.000 130.000 -5.992
835.000 130.000 -11.175
845.000 130.000 -14.413
855.000 130.000 -6.226
865.000 130.000 -10.853
875.000 130.000 -13.628
885.000 130.000 0.028
895.000 130.000 -2.786
905.000 130.000 -2.267
915.000 130.000 6.771
925.000 130.000 21.573
935.000 130.000 14.483
945.000 130.000 -9.813
955.000 130.000 -6.544
965.000 130.000 -2.660
975.000 130.000 -23.770
985.000 130.000 16.817
995.000 130.000 2.868
1005.000 130.000 7.865
1015.000 130.000 8.392
1025.000 130.000 7.621
1035.000 130.000 29.298
1045.000 130.000 3.789
1055.000 130.000 -1.358
1065.000 130.000 14.468
1075.000 130.000 -5.817
1085.000 130.000 8.076
1095.000 130.000 9.321
210.000 140.000 57.434
220.000 140.000 55.390
230.000 140.000 33.357
240.000 140.000 47.899
250.000 140.000 41.714
260.000 140.000 45.827
270.000 140.000 29.910
280.000 140.000 42.007
290.000 140.000 41.914
300.000 140.000 46.493
310.000 140.000 44.261
320.000 140.000 42.837
330.000 140.000 21.122
340.000 140.000 29.643
350.000 140.000 36.872
360.000 140.000 42.937
370.000 140.000 43.782
380.000 140.000 36.522
390.000 140.000 5393.924
400.000 140.000 47.403
410.000 140.000 36.253
420.000 140.000 40.036
430.000 140.000 47.651
440.000 140.000 40.937
450.000 140.000 34.826
460.000 140.000 42.315
470.000 140.000 39.530
480.000 140.000 32.283
490.000 140.000 35.508
500.000 140.000 29.235
510.000 140.000 33.427
520.000 140.000 31.682
530.000 140.000 45.301
540.000 140.000 28.416
550.000 140.000 0.816
560.000 140.000 13.996
570.000 140.000 17.518
580.000 140.000 10.898
590.000 140.000 20.866
600.000 140.000 20.149
610.000 140.000 28.369
620.000 140.000 4.011
630.000 140.000 1.067
640.000 140.000 15.261
650.000 140.000 11.286
660.000 140.000 0.224
670.000 140.000 0.009
680.000 140.000 10.466
690.000 140.000 10.844
700.000 140.000 8.229
710.000 140.000 7.608
720.000 140.000 5.284
730.000 140.000 1.792
740.000 140.000 -0.132
750.000 140.000 -2.739
760.000 140.000 -8.265
770.000 140.000 -4.628
780.000 140.000 -8.547
790.000 140.000 -10.353
800.000 140.000 -24.040
810.000 140.000 -19900.896
820.000 140.000 -37.972
830.000 140.000 -15.270
840.000 140.000 -12.289
850.000 140.000 -15.429
860.000 140.000 -8.750
870.000 140.000 5.063
880.000 140.000 -3.937
890.000 140.000 6.249
900.000 140.000 13.160
910.000 140.000 10.797
920.000 140.000 6.904
930.000 140.000 2.496
940.000 140.000 -1.252
950.000 140.000 -0.073
960.000 140.000 3.352
970.000 140.000 7.350
980.000 140.000 -4.299
990.000 140.000 -11.337
1000.000 140.000 4.349
1010.000 140.000 12.219
1020.000 140.000 7.270
1030.000 140.000 -7.191
1040.000 140.000 13.762
1050.000 140.000 -8.155
1060.000 140.000 9.680
1070.000 140.000 6.538
1080.000 140.000 21.527
225.000 150.000 58.184
235.000 150.000 51.170
245.000 150.000 57.337
255.000 150.000 45.792
265.000 150.000 59.017
275.000 150.000 22.478
285.000 150.000 43.232
295.000 150.000 51.929
305.000 150.000 43.727
315.000 150.000 48.268
325.000 150.000 47.004
335.000 150.000 44.898
345.000 150.000 59.615
355.000 150.000 53.790
365.000 150.000 49.652
375.000 150.000 5943.483
385.000 150.000 49.634
395.000 150.000 42.955
405.000 150.000 47.067
415.000 150.000 39.280
425.000 150.000 47.782
435.000 150.000 41.764
445.000 150.000 41.157
455.000 150.000 33.081
465.000 150.000 37.181
475.000 150.000 36.856
485.000 150.000 28.417
495.000 150.000 29.368
505.000 150.000 30.828
515.000 150.000 30.103
525.000 150.000 33.197
535.000 150.000 38.218
545.000 150.000 3.668
555.000 150.000 47.584
565.000 150.000 26.284
575.000 150.000 21.261
585.000 150.000 22.748
595.000 150.000 25.920
605.000 150.000 21.808
615.000 150.000 12.076
625.000 150.000 15.858
635.000 150.000 20.949
645.000 150.000 13.213
655.000 150.000 17.257
665.000 150.000 10.029
675.000 150.000 0.041
685.000 150.000 8.347
695.000 150.000 11.443
705.000 150.000 8.475
715.000 150.000 10.555
725.000 150.000 1.047
735.000 150.000 0.673
745.000 150.000 -4.309
755.000 150.000 -1.768
765.000 150.000 -0.751
775.000 150.000 5.734
785.000 150.000 2.919
795.000 150.000 -8.214
805.000 150.000 -17.584
815.000 150.000 -10.827
825.000 150.000 -24573.266
835.000 150.000 -29.121
845.000 150.000 -16.389
855.000 150.000 -4.012
865.000 150.000 -2.867
875.000 150.000 -3.925
885.000 150.000 2.492
895.000 150.000 -9.239
905.000 150.000 -8.853
915.000 150.000 7.096
925.000 150.000 -1.565
935.000 150.000 -1.097
945.000 150.000 -6.209
955.000 150.000 -7.232
965.000 150.000 -0.181
975.000 150.000 13.471
985.000 150.000 -9.264
995.000 150.000 1.439
1005.000 150.000 13.097
1015.000 150.000 13.518
1025.000 150.000 5.735
1035.000 150.000 28.282
1045.000 150.000 7.799
1055.000 150.000 8.132
1065.000 150.000 1.924
240.000 160.000 56.124
250.000 160.000 50.378
260.000 160.000 65.301
270.000 160.000 59.901
280.000 160.000 49.525
290.000 160.000 29.382
300.000 160.000 52.676
310.000 160.000 45.420
320.000 160.000 27.936
330.000 160.000 48.933
340.000 160.000 52.234
350.000 160.000 61.760
360.000 160.000 6601.060
370.000 160.000 53.052
380.000 160.000 44.710
390.000 160.000 43.057
400.000 160.000 39.039
410.000 160.000 41.945
420.000 160.000 29.360
430.000 160.000 36.850
440.000 160.000 36.543
450.000 160.000 53.300
460.000 160.000 25.349
470.000 160.000 36.200
480.000 160.000 33.888
490.000 160.000 36.638
500.000 160.000 37.456
510.000 160.000 38.945
520.000 160.000 10.907
530.000 160.000 1.709
540.000 160.000 32.337
550.000 160.000 16.724
560.000 160.000 40.510
570.000 160.000 38.732
580.000 160.000 22.951
590.000 160.000 30.491
600.000 160.000 33.968
610.000 160.000 21.791
620.000 160.000 17.483
630.000 160.000 27.216
640.000 160.000 3.069
650.000 160.000 7.665
660.000 160.000 15.258
670.000 160.000 11.471
680.000 160.000 0.025
690.000 160.000 10.979
700.000 160.000 13.173
710.000 160.000 9.269
720.000 160.000 7.184
730.000 160.000 0.107
740.000 160.000 0.059
750.000 160.000 0.581
760.000 160.000 18.427
770.000 160.000 0.787
780.000 160.000 -7.614
790.000 160.000 -9.419
800.000 160.000 -15.312
810.000 160.000 -7.538
820.000 160.000 -25.585
830.000 160.000 -18.465
840.000 160.000 -25801.275
850.000 160.000 -23.458
860.000 160.000 -27.970
870.000 160.000 -14.419
880.000 160.000 1.223
890.000 160.000 -6.996
900.000 160.000 -7.778
910.000 160.000 -20.338
920.000 160.000 -8.506
930.000 160.000 -22.142
940.000 160.000 -2.050
950.000 160.000 5.251
960.000 160.000 13.125
970.000 160.000 -7.428
980.000 160.000 17.744
990.000 160.000 2.716
1000.000 160.000 4.292
1010.000 160.000 19.882
1020.000 160.000 -13.828
1030.000 160.000 7.521
1040.000 160.000 6.849
1050.000 160.000 8.305
255.000 170.000 55.346
265.000 170.000 44.973
275.000 170.000 51.628
285.000 170.000 49.611
295.000 170.000 52.712
305.000 170.000 50.551
315.000 170.000 38.980
325.000 170.000 58.971
335.000 170.000 67.175
345.000 170.000 7300.389
355.000 170.000 63.678
365.000 170.000 49.799
375.000 170.000 37.892
385.000 170.000 43.683
395.000 170.000 9.882
405.000 170.000 41.230
415.000 170.000 44.496
425.000 170.000 35.185
435.000 170.000 39.667
445.000 170.000 34.288
455.000 170.000 28.207
465.000 170.000 35.539
475.000 170.000 41.197
485.000 170.000 41.225
495.000 170.000 29.507
505.000 170.000 26.503
515.000 170.000 31.926
525.000 170.000 22.166
535.000 170.000 28.140
545.000 170.000 18.280
555.000 170.000 23.669
565.000 170.000 27.054
575.000 170.000 25.403
585.000 170.000 32.013
595.000 170.000 20.721
605.000 170.000 25.359
615.000 170.000 5.331
625.000 170.000 13.733
635.000 170.000 26.650
645.000 170.000 12.098
655.000 170.000 25.148
665.000 170.000 18.607
675.000 170.000 11.224
685.000 170.000 0.048
695.000 170.000 10.158
705.000 170.000 16.042
715.000 170.000 5.801
725.000 170.000 1.783
735.000 170.000 2.839
745.000 170.000 0.003
755.000 170.000 2.141
765.000 170.000 -1.571
775.000 170.000 -1.218
785.000 170.000 -0.956
795.000 170.000 -1.917
805.000 170.000 -0.063
815.000 170.000 -15.191
825.000 170.000 -21.301
835.000 170.000 -17.383
845.000 170.000 -20.431
855.000 170.000 -27323.545
865.000 170.000 -35.293
875.000 170.000 -20.327
885.000 170.000 -12.941
895.000 170.000 -2.414
905.000 170.000 -21.491
915.000 170.000 -5.231
925.000 170.000 -1.814
935.000 170.000 -4.358
945.000 170.000 -1.327
955.000 170.000 -12.375
965.000 170.000 -10.139
975.000 170.000 -13.393
985.000 170.000 19.010
995.000 170.000 -5.032
1005.000 170.000 5.625
1015.000 170.000 2.682
1025.000 170.000 22.054
1035.000 170.000 10.694
270.000 180.000 69.022
280.000 180.000 48.940
290.000 180.000 44.024
300.000 180.000 57.331
310.000 180.000 59.904
320.000 180.000 67.581
330.000 180.000 9344.965
340.000 180.000 33.448
350.000 180.000 53.236
360.000 180.000 44.593
370.000 180.000 52.977
380.000 180.000 47.858
390.000 180.000 49.957
400.000 180.000 48.331
410.000 180.000 44.569
420.000 180.000 43.512
430.000 180.000 51.065
440.000 180.000 41.178
450.000 180.000 39.416
460.000 180.000 41.626
470.000 180.000 33.415
480.000 180.000 32.057
490.000 180.000 40.926
500.000 180.000 25.727
510.000 180.000 20.472
520.000 180.000 6.785
530.000 180.000 63.854
540.000 180.000 41.740
550.000 180.000 44.962
560.000 180.000 47.086
570.000 180.000 19.934
580.000 180.000 -11.913
590.000 180.000 6.937
600.000 180.000 34.330
610.000 180.000 21.330
620.000 180.000 15.436
630.000 180.000 17.164
640.000 180.000 6.937
650.000 180.000 20.758
660.000 180.000 11.324
670.000 180.000 15.228
680.000 180.000 16.205
690.000 180.000 0.022
700.000 180.000 8.426
710.000 180.000 -7.259
720.000 180.000 -10.911
730.000 180.000 4.212
740.000 180.000 9.397
750.000 180.000 6.876
760.000 180.000 -8.325
770.000 180.000 0.838
780.000 180.000 -2.967
790.000 180.000 1.498
800.000 180.000 -4.898
810.000 180.000 -24.345
820.000 180.000 -10.920
830.000 180.000 -6.808
840.000 180.000 -20.438
850.000 180.000 -30.015
860.000 180.000 -28.124
870.000 180.000 -28313.467
880.000 180.000 -35.310
890.000 180.000 -20.146
900.000 180.000 -11.332
910.000 180.000 -19.097
920.000 180.000 -5.263
930.000 180.000 -22.372
940.000 180.000 -5.216
950.000 180.000 0.829
960.000 180.000 -12.192
970.000 180.000 -5.574
980.000 180.000 -4.520
990.000 180.000 -5.667
1000.000 180.000 14.443
1010.000 180.000 1.443
1020.000 180.000 20.485
285.000 190.000 62.294
295.000 190.000 76.059
305.000 190.000 72.057
315.000 190.000 9859.869
325.000 190.000 74.617
335.000 190.000 55.537
345.000 190.000 76.934
355.000 190.000 28.897
365.000 190.000 48.594
375.000 190.000 39.235
385.000 190.000 20.194
395.000 190.000 48.803
405.000 190.000 45.141
415.000 190.000 53.040
425.000 190.000 34.604
435.000 190.000 37.778
445.000 190.000 43.254
455.000 190.000 43.295
465.000 190.000 42.278
475.000 190.000 29.309
485.000 190.000 40.436
495.000 190.000 58.497
505.000 190.000 41.184
515.000 190.000 50.577
525.000 190.000 25.371
535.000 190.000 34.943
545.000 190.000 31.868
555.000 190.000 27.728
565.000 190.000 22.284
575.000 190.000 18.511
585.000 190.000 42.567
595.000 190.000 22.892
605.000 190.000 26.985
615.000 190.000 6.906
625.000 190.000 34.413
635.000 190.000 11.812
645.000 190.000 30.162
655.000 190.000 23.390
665.000 190.000 14.256
675.000 190.000 18.533
685.000 190.000 37.132
695.000 190.000 0.027
705.000 190.000 18.216
715.000 190.000 -9.323
725.000 190.000 3.551
735.000 190.000 2.629
745.000 190.000 -1.293
755.000 190.000 6.356
765.000 190.000 8.858
775.000 190.000 -1.921
785.000 190.000 9.541
795.000 190.000 -3.876
805.000 190.000 -9.726
815.000 190.000 -5.821
825.000 190.000 -8.943
835.000 190.000 -10.391
845.000 190.000 -10.815
855.000 190.000 -17.436
865.000 190.000 -32.390
875.000 190.000 -32.546
885.000 190.000 -29586.998
895.000 190.000 -34.124
905.000 190.000 -42.151
915.000 190.000 -34.216
925.000 190.000 -11.548
935.000 190.000 -2.294
945.000 190.000 -22.340
955.000 190.000 5.092
965.000 190.000 -8.618
975.000 190.000 2.149
985.000 190.000 -17.691
995.000 190.000 4.663
1005.000 190.000 5.924
300.000 200.000 11527.657
310.000 200.000 63.652
320.000 200.000 54.928
330.000 200.000 50.095
340.000 200.000 52.489
350.000 200.000 57.597
360.000 200.000 56.596
370.000 200.000 46.683
380.000 200.000 53.168
390.000 200.000 37.418
400.000 200.000 63.771
410.000 200.000 37.647
420.000 200.000 65.323
430.000 200.000 60.193
440.000 200.000 39.679
450.000 200.000 2.740
460.000 200.000 45.656
470.000 200.000 33.754
480.000 200.000 30.003
490.000 200.000 46.178
500.000 200.000 40.406
510.000 200.000 53.067
520.000 200.000 21.274
530.000 200.000 3.143
540.000 200.000 25.378
550.000 200.000 45.099
560.000 200.000 37.915
570.000 200.000 43.892
580.000 200.000 5.539
590.000 200.000 25.771
600.000 200.000 11.584
610.000 200.000 46.309
620.000 200.000 25.971
630.000 200.000 2.930
640.000 200.000 9.041
650.000 200.000 3.321
660.000 200.000 13.115
670.000 200.000 12.883
680.000 200.000 15.776
690.000 200.000 15.649
700.000 200.000 0.027
710.000 200.000 17.506
720.000 200.000 2.788
730.000 200.000 -15.186
740.000 200.000 4.575
750.000 200.000 2.480
760.000 200.000 8.960
770.000 200.000 4.759
780.000 200.000 5.363
790.000 200.000 0.743
800.000 200.000 -0.320
810.000 200.000 -3.075
820.000 200.000 -5.859
830.000 200.000 -11.386
840.000 200.000 -9.946
850.000 200.000 5.309
860.000 200.000 -14.251
870.000 200.000 4.622
880.000 200.000 -14.300
890.000 200.000 -50.023
900.000 200.000 -34336.965
910.000 200.000 -19.378
920.000 200.000 -37.034
930.000 200.000 -15.574
940.000 200.000 -12.929
950.000 200.000 -16.457
960.000 200.000 19.250
970.000 200.000 8.079
980.000 200.000 -15.786
990.000 200.000 11.287
315.000 210.000 54.984
325.000 210.000 63.032
335.000 210.000 57.686
345.000 210.000 31.944
355.000 210.000 51.134
365.000 210.000 47.702
375.000 210.000 53.518
385.000 210.000 47.916
395.000 210.000 45.462
405.000 210.000 53.352
415.000 210.000 50.119
425.000 210.000 24.462
435.000 210.000 37.247
445.000 210.000 40.380
455.000 210.000 43.812
465.000 210.000 41.198
475.000 210.000 39.197
485.000 210.000 45.463
495.000 210.000 38.008
505.000 210.000 15.145
515.000 210.000 43.035
525.000 210.000 58.370
535.000 210.000 54.299
545.000 210.000 51.828
555.000 210.000 20.965
565.000 210.000 52.233
575.000 210.000 31.163
585.000 210.000 43.433
595.000 210.000 16.484
605.000 210.000 23.959
615.000 210.000 2.789
625.000 210.000 39.427
635.000 210.000 20.937
645.000 210.000 18.827
655.000 210.000 185664.672
665.000 210.000 21.420
675.000 210.000 -5.521
685.000 210.000 20.379
695.000 210.000 6.066
705.000 210.000 0.029
715.000 210.000 9.429
725.000 210.000 9.917
735.000 210.000 7.133
745.000 210.000 3.735
755.000 210.000 1.836
765.000 210.000 7.261
775.000 210.000 5.107
785.000 210.000 7.818
795.000 210.000 -5.598
805.000 210.000 -2.784
815.000 210.000 -3.840
825.000 210.000 -15.688
835.000 210.000 0.701
845.000 210.000 -0.497
855.000 210.000 -5.343
865.000 210.000 1.496
875.000 210.000 -15.641
885.000 210.000 -25.051
895.000 210.000 -35.691
905.000 210.000 -51.226
915.000 210.000 -35722.281
925.000 210.000 -56.447
935.000 210.000 -56.648
945.000 210.000 -58.413
955.000 210.000 -12.747
965.000 210.000 -30.950
975.000 210.000 -11.017
330.000 220.000 65.206
340.000 220.000 61.531
350.000 220.000 46.458
360.000 220.000 56.446
370.000 220.000 100.312
380.000 220.000 25.649
390.000 220.000 51.871
400.000 220.000 48.345
410.000 220.000 52.333
420.000 220.000 49.391
430.000 220.000 57.887
440.000 220.000 45.754
450.000 220.000 44.996
460.000 220.000 24.315
470.000 220.000 69.006
480.000 220.000 43.970
490.000 220.000 86.306
500.000 220.000 29.142
510.000 220.000 51.921
520.000 220.000 23.117
530.000 220.000 43.191
540.000 220.000 38.255
550.000 220.000 72.963
560.000 220.000 17.630
570.000 220.000 16.921
580.000 220.000 36.620
590.000 220.000 23.077
600.000 220.000 10.323
610.000 220.000 24.035
620.000 220.000 5.976
630.000 220.000 -3.138
640.000 220.000 78197.680
650.000 220.000 -3.903
660.000 220.000 6.671
670.000 220.000 68.920
680.000 220.000 47.316
690.000 220.000 11.560
700.000 220.000 13.159
710.000 220.000 0.015
720.000 220.000 8.241
730.000 220.000 13.739
740.000 220.000 24.869
750.000 220.000 6.881
760.000 220.000 4.313
770.000 220.000 9.380
780.000 220.000 4.101
790.000 220.000 14.450
800.000 220.000 -7.148
810.000 220.000 -2.319
820.000 220.000 4.061
830.000 220.000 -17.346
840.000 220.000 -12.731
850.000 220.000 31.454
860.000 220.000 3.781
870.000 220.000 -6.810
880.000 220.000 -27.374
890.000 220.000 -29.252
900.000 220.000 -19.471
910.000 220.000 -32.945
920.000 220.000 -57.470
930.000 220.000 -36929.168
940.000 220.000 -86.400
950.000 220.000 -24.188
960.000 220.000 -28.459
345.000 230.000 56.773
355.000 230.000 54.874
365.000 230.000 70.317
375.000 230.000 48.543
385.000 230.000 31.356
395.000 230.000 29.488
405.000 230.000 -8.093
415.000 230.000 62.655
425.000 230.000 46.656
435.000 230.000 50.882
445.000 230.000 42.389
455.000 230.000 31.378
465.000 230.000 45.335
475.000 230.000 9.067
485.000 230.000 55.171
495.000 230.000 -98.592
505.000 230.000 24.263
515.000 230.000 58.306
525.000 230.000 44.725
535.000 230.000 66.797
545.000 230.000 35.434
555.000 230.000 9.563
565.000 230.000 33.601
575.000 230.000 49.000
585.000 230.000 40.026
595.000 230.000 26.048
605.000 230.000 -4.696
615.000 230.000 10.137
625.000 230.000 172407.469
635.000 230.000 56.985
645.000 230.000 18.053
655.000 230.000 39.539
665.000 230.000 23.961
675.000 230.000 30.264
685.000 230.000 12.711
695.000 230.000 27.555
705.000 230.000 16.016
715.000 230.000 0.018
725.000 230.000 11.424
735.000 230.000 9.160
745.000 230.000 34.585
755.000 230.000 8.619
765.000 230.000 1.512
775.000 230.000 17.749
785.000 230.000 0.715
795.000 230.000 -1.598
805.000 230.000 2.471
815.000 230.000 -2.186
825.000 230.000 -5.092
835.000 230.000 -5.455
845.000 230.000 -8.928
855.000 230.000 0.137
865.000 230.000 -11.484
875.000 230.000 -10.203
885.000 230.000 -18.256
895.000 230.000 -26.816
905.000 230.000 10.289
915.000 230.000 -49.134
925.000 230.000 -38.416
935.000 230.000 -35.204
945.000 230.000 -38415.383
360.000 240.000 22.409
370.000 240.000 63.647
380.000 240.000 29.900
390.000 240.000 71.665
400.000 240.000 64.376
410.000 240.000 55.793
420.000 240.000 39.986
430.000 240.000 44.806
440.000 240.000 46.789
450.000 240.000 50.162
460.000 240.000 50.732
470.000 240.000 44.211
480.000 240.000 51.505
490.000 240.000 43.457
500.000 240.000 30.017
510.000 240.000 12.287
520.000 240.000 50.879
530.000 240.000 17.612
540.000 240.000 -25.070
550.000 240.000 13.848
560.000 240.000 10.237
570.000 240.000 37.221
580.000 240.000 28.515
590.000 240.000 52.431
600.000 240.000 33.440
610.000 240.000 620232.375
620.000 240.000 -12.999
630.000 240.000 46.632
640.000 240.000 52.255
650.000 240.000 31.875
660.000 240.000 7.705
670.000 240.000 38.945
680.000 240.000 -8.589
690.000 240.000 24.250
700.000 240.000 23.928
710.000 240.000 9.599
720.000 240.000 0.020
730.000 240.000 4.505
740.000 240.000 11.351
750.000 240.000 35.686
760.000 240.000 5.994
770.000 240.000 8.435
780.000 240.000 12.028
790.000 240.000 3.106
800.000 240.000 17.166
810.000 240.000 4.195
820.000 240.000 -1.829
830.000 240.000 5.462
840.000 240.000 -17.057
850.000 240.000 -4.455
860.000 240.000 17.746
870.000 240.000 -23.684
880.000 240.000 -12.289
890.000 240.000 -13.933
900.000 240.000 -18.075
910.000 240.000 -26.235
920.000 240.000 -32.502
930.000 240.000 -26.110
375.000 250.000 29.070
385.000 250.000 52.072
395.000 250.000 41.731
405.000 250.000 60.099
415.000 250.000 50.738
425.000 250.000 44.585
435.000 250.000 46.289
445.000 250.000 26.454
455.000 250.000 32.203
465.000 250.000 63.193
475.000 250.000 64.988
485.000 250.000 24.538
495.000 250.000 59.631
505.000 250.000 54.141
515.000 250.000 33.067
525.000 250.000 41.699
535.000 250.000 103.986
545.000 250.000 57.820
555.000 250.000 20.391
565.000 250.000 6.454
575.000 250.000 52.161
585.000 250.000 40.816
595.000 250.000 -609926.938
605.000 250.000 39.139
615.000 250.000 26.743
625.000 250.000 58.344
635.000 250.000 28.342
645.000 250.000 34.560
655.000 250.000 5.666
665.000 250.000 53.617
675.000 250.000 24.308
685.000 250.000 -15.853
695.000 250.000 11.484
705.000 250.000 31.756
715.000 250.000 16.056
725.000 250.000 0.030
735.000 250.000 29.772
745.000 250.000 7.675
755.000 250.000 9.553
765.000 250.000 9.744
775.000 250.000 2.205
785.000 250.000 9.796
795.000 250.000 3.882
805.000 250.000 -4.197
815.000 250.000 10.069
825.000 250.000 1.720
835.000 250.000 -8.083
845.000 250.000 0.825
855.000 250.000 31.195
865.000 250.000 5.084
875.000 250.000 27.928
885.000 250.000 -30.081
895.000 250.000 -33.307
905.000 250.000 -8.741
915.000 250.000 -12.032
390.000 260.000 80.882
400.000 260.000 23.186
410.000 260.000 45.078
420.000 260.000 33.149
430.000 260.000 66.998
440.000 260.000 64.487
450.000 260.000 71.512
460.000 260.000 -17.366
470.000 260.000 46.779
480.000 260.000 24.652
490.000 260.000 43.802
500.000 260.000 48.679
510.000 260.000 47.475
520.000 260.000 57.136
530.000 260.000 -8.759
540.000 260.000 -5.022
550.000 260.000 34.183
560.000 260.000 16.927
570.000 260.000 31.240
580.000 260.000 20.322
590.000 260.000 15.298
600.000 260.000 39.616
610.000 260.000 11.648
620.000 260.000 -49.941
630.000 260.000 -30.966
640.000 260.000 -13.366
650.000 260.000 30.699
660.000 260.000 33.810
670.000 260.000 30.172
680.000 260.000 25.444
690.000 260.000 14.575
700.000 260.000 22.024
710.000 260.000 10.438
720.000 260.000 20.372
730.000 260.000 0.026
740.000 260.000 13.262
750.000 260.000 11.063
760.000 260.000 10.197
770.000 260.000 6.775
780.000 260.000 5.053
790.000 260.000 4.305
800.000 260.000 5.152
810.000 260.000 1.177
820.000 260.000 4.534
830.000 260.000 7.031
840.000 260.000 3.056
850.000 260.000 20.151
860.000 260.000 -31.094
870.000 260.000 0.450
880.000 260.000 7.800
890.000 260.000 -5.356
900.000 260.000 -7.809
405.000 270.000 51.026
415.000 270.000 50.189
425.000 270.000 43.907
435.000 270.000 38.241
445.000 270.000 66.072
455.000 270.000 42.018
465.000 270.000 64.353
475.000 270.000 43.875
485.000 270.000 50.148
495.000 270.000 34.206
505.000 270.000 48.125
515.000 270.000 47.852
525.000 270.000 53.410
535.000 270.000 26.263
545.000 270.000 35.030
555.000 270.000 42.147
565.000 270.000 45.073
575.000 270.000 -0.287
585.000 270.000 20.048
595.000 270.000 24.818
605.000 270.000 59.053
615.000 270.000 12.537
625.000 270.000 44.120
635.000 270.000 41.564
645.000 270.000 52.529
655.000 270.000 41.436
665.000 270.000 35.578
675.000 270.000 22.258
685.000 270.000 13.019
695.000 270.000 17.983
705.000 270.000 29.511
715.000 270.000 25.831
725.000 270.000 11.756
735.000 270.000 0.033
745.000 270.000 12.485
755.000 270.000 19.632
765.000 270.000 7.634
775.000 270.000 7.246
785.000 270.000 -3.124
795.000 270.000 8.337
805.000 270.000 -4.221
815.000 270.000 29.669
825.000 270.000 11.145
835.000 270.000 -5.287
845.000 270.000 5.689
855.000 270.000 11.585
865.000 270.000 -6.430
875.000 270.000 -19.529
885.000 270.000 -4.730
420.000 280.000 79.215
430.000 280.000 55.638
440.000 280.000 59.811
450.000 280.000 29.392
460.000 280.000 56.808
470.000 280.000 -30.142
480.000 280.000 20.185
490.000 280.000 25.014
500.000 280.000 32.349
510.000 280.000 35.478
520.000 280.000 -42.918
530.000 280.000 -11.575
540.000 280.000 -83.286
550.000 280.000 38.001
560.000 280.000 31.385
570.000 280.000 27.566
580.000 280.000 62.302
590.000 280.000 30.742
600.000 280.000 -24.962
610.000 280.000 37.573
620.000 280.000 16.866
630.000 280.000 51.517
640.000 280.000 40.957
650.000 280.000 39.076
660.000 280.000 17.085
670.000 280.000 2.709
680.000 280.000 37.429
690.000 280.000 7.562
700.000 280.000 27.748
710.000 280.000 15.298
720.000 280.000 4.818
730.000 280.000 12.980
740.000 280.000 0.046
750.000 280.000 15.782
760.000 280.000 13.884
770.000 280.000 9.671
780.000 280.000 8.699
790.000 280.000 12.951
800.000 280.000 9.597
810.000 280.000 4.050
820.000 280.000 4.777
830.000 280.000 0.082
840.000 280.000 -33.050
850.000 280.000 2.933
860.000 280.000 3.479
870.000 280.000 -34.394
435.000 290.000 63.524
445.000 290.000 40.191
455.000 290.000 57.243
465.000 290.000 45.759
475.000 290.000 42.498
485.000 290.000 49.158
495.000 290.000 85.038
505.000 290.000 46.441
515.000 290.000 31.172
525.000 290.000 33.126
535.000 290.000 25.765
545.000 290.000 44.513
555.000 290.000 32.007
565.000 290.000 24.974
575.000 290.000 94.596
585.000 290.000 28.823
595.000 290.000 32.343
605.000 290.000 30.673
615.000 290.000 4.730
625.000 290.000 41.987
635.000 290.000 15.860
645.000 290.000 26.224
655.000 290.000 20.003
665.000 290.000 -31.209
675.000 290.000 19.293
685.000 290.000 35.744
695.000 290.000 -1.322
705.000 290.000 16.523
715.000 290.000 20.256
725.000 290.000 12.360
735.000 290.000 14.989
745.000 290.000 0.024
755.000 290.000 10.893
765.000 290.000 9.984
775.000 290.000 12.100
785.000 290.000 8.517
795.000 290.000 -4.613
805.000 290.000 14.593
815.000 290.000 4.446
825.000 290.000 0.721
835.000 290.000 10.007
845.000 290.000 19.316
855.000 290.000 14.039
450.000 300.000 69.844
460.000 300.000 78.233
470.000 300.000 49.501
480.000 300.000 59.707
490.000 300.000 24.023
500.000 300.000 24.768
510.000 300.000 32.948
520.000 300.000 36.019
530.000 300.000 28.211
540.000 300.000 57.145
550.000 300.000 51.598
560.000 300.000 41.147
570.000 300.000 55.766
580.000 300.000 12.403
590.000 300.000 40.074
600.000 300.000 -48.417
610.000 300.000 73.023
620.000 300.000 26.272
630.000 300.000 35.624
640.000 300.000 33.390
650.000 300.000 -15.418
660.000 300.000 40.896
670.000 300.000 19.949
680.000 300.000 25.435
690.000 300.000 41.787
700.000 300.000 49.999
710.000 300.000 4.982
720.000 300.000 22.660
730.000 300.000 22.914
740.000 300.000 8.859
750.000 300.000 0.050
760.000 300.000 7.827
770.000 300.000 11.173
780.000 300.000 13.019
790.000 300.000 12.734
800.000 300.000 10.426
810.000 300.000 6.683
820.000 300.000 18.316
830.000 300.000 27.126
840.000 300.000 8.763
465.000 310.000 -82.023
475.000 310.000 69.854
485.000 310.000 45.392
495.000 310.000 44.265
505.000 310.000 30.833
515.000 310.000 57.779
525.000 310.000 -1.535
535.000 310.000 27.281
545.000 310.000 36.671
555.000 310.000 37.162
565.000 310.000 39.849
575.000 310.000 48.198
585.000 310.000 23.677
595.000 310.000 37.417
605.000 310.000 -9.189
615.000 310.000 47.668
625.000 310.000 58.291
635.000 310.000 17.071
645.000 310.000 29.647
655.000 310.000 13.445
665.000 310.000 14.036
675.000 310.000 7.556
685.000 310.000 21.044
695.000 310.000 19.876
705.000 310.000 9.300
715.000 310.000 6.918
725.000 310.000 15.479
735.000 310.000 6.436
745.000 310.000 16.017
755.000 310.000 0.066
765.000 310.000 19.491
775.000 310.000 11.765
785.000 310.000 11.831
795.000 310.000 14.247
805.000 310.000 21.881
815.000 310.000 -3.172
825.000 310.000 19.614
480.000 320.000 56.083
490.000 320.000 30.905
500.000 320.000 48.675
510.000 320.000 -47.790
520.000 320.000 49.958
530.000 320.000 31.604
540.000 320.000 45.972
550.000 320.000 45.813
560.000 320.000 53.686
570.000 320.000 37.026
580.000 320.000 -1.014
590.000 320.000 26.724
600.000 320.000 30.411
610.000 320.000 32.879
620.000 320.000 16.968
630.000 320.000 67.418
640.000 320.000 26.790
650.000 320.000 -31.455
660.000 320.000 24.545
670.000 320.000 -15.828
680.000 320.000 29.317
690.000 320.000 22.334
700.000 320.000 4.113
710.000 320.000 -6.623
720.000 320.000 23.601
730.000 320.000 -8.824
740.000 320.000 43.608
750.000 320.000 14.304
760.000 320.000 0.027
770.000 320.000 13.364
780.000 320.000 11.023
790.000 320.000 20.005
800.000 320.000 19.861
810.000 320.000 9.068
495.000 330.000 7.010
505.000 330.000 29.504
515.000 330.000 28.927
525.000 330.000 27.653
535.000 330.000 -85.600
545.000 330.000 40.602
555.000 330.000 87.683
565.000 330.000 45.323
575.000 330.000 16.988
585.000 330.000 42.808
595.000 330.000 33.032
605.000 330.000 34.778
615.000 330.000 -9.167
625.000 330.000 35.687
635.000 330.000 6.622
645.000 330.000 25.712
655.000 330.000 9.323
665.000 330.000 14.678
675.000 330.000 22.992
685.000 330.000 38.697
695.000 330.000 24.165
705.000 330.000 15.261
715.000 330.000 27.139
725.000 330.000 0.121
735.000 330.000 9.706
745.000 330.000 -6.757
755.000 330.000 11.988
765.000 330.000 0.038
775.000 330.000 14.912
785.000 330.000 12.249
795.000 330.000 50.830
510.000 340.000 -32.791
520.000 340.000 67.118
530.000 340.000 41.363
540.000 340.000 22.587
550.000 340.000 31.299
560.000 340.000 55.538
570.000 340.000 37.989
580.000 340.000 24.975
590.000 340.000 26.140
600.000 340.000 29.281
610.000 340.000 62.147
620.000 340.000 5.742
630.000 340.000 36.906
525.000 350.000 11.948
535.000 350.000 62.202
545.000 350.000 28.919
555.000 350.000 31.222
565.000 350.000 24.510
575.000 350.000 52.996
585.000 350.000 14.859
595.000 350.000 23.515
605.000 350.000 -9.445
615.000 350.000 41.712
625.000 350.000 56.699
635.000 350.000 84.589
540.000 360.000 24.927
550.000 360.000 78.320
560.000 360.000 86.954
570.000 360.000 -18.229
580.000 360.000 34.814
590.000 360.000 54.041
600.000 360.000 13.632
610.000 360.000 60.804
620.000 360.000 72.200
630.000 360.000 30.705
640.000 360.000 22.106
555.000 370.000 58.730
565.000 370.000 -35.703
575.000 370.000 -67.137
585.000 370.000 33.945
595.000 370.000 10.586
605.000 370.000 50.972
615.000 370.000 44.630
625.000 370.000 0.211
635.000 370.000 -75.687
645.000 370.000 11.408
570.000 380.000 -10.858
580.000 380.000 65.845
590.000 380.000 21.632
600.000 380.000 -24.731
610.000 380.000 6.474
620.000 380.000 49.711
630.000 380.000 183.714
640.000 380.000 57.765
650.000 380.000 41.257
585.000 390.000 0.270
595.000 390.000 81.109
605.000 390.000 17.630
615.000 390.000 48.554
625.000 390.000 -56.222
635.000 390.000 -20.987
645.000 390.000 8.742
655.000 390.000 55.586
600.000 400.000 217.652
610.000 400.000 25.638
620.000 400.000 81.100
630.000 400.000 -58.750
640.000 400.000 15.358
650.000 400.000 -71.290
660.000 400.000 -13.184
615.000 410.000 46.746
625.000 410.000 64.393
635.000 410.000 35.012
645.000 410.000 60.166
655.000 410.000 -43.286
665.000 410.000 27.060
630.000 420.000 134.220
640.000 420.000 58.669
650.000 420.000 158.293
660.000 420.000 45.680
645.000 430.000 -32.202
0
0
